2.000
1.000
2.000 4.000 3.000
1.000 4.000 7.000 6.000
0.000 -2.000 -3.400 -1.000 0.000
-1.000 -2.000 -2.600 -6.200 -14.800 -17.400 -25.000 -35.000 -25.000
-3.000 100.000 -1430.000 0.000 3.000 -19.000 11.000 -5.345 14.657 13.142 11.000
-4.000 100.000 -1430.000 0.000 -12.000 261.000 -3909.000 -5088.620 -9345.458 11344.084 -12797.731 -4604.474 223.537 -182.418 64.872 97.307 49.320 27.821 131.769 34.557
-3.000 100.000 -1430.000 0.000 3.000 -19.000 11.000 -5.345 14.657 13.142 12.000 -4.000 100.000 -1430.000 3.000 4.000 -17.000 -2.345 11.123 8.676 1.000 0.000 0.000 0.000 3.000 4.000 6.000 -7.345 9.123 3.142
-4.000 100.000 -1430.000 0.000 -12.000 261.000 -3909.000 -5088.620 -9345.458 11344.084 -12801.731 -4508.474 -1106.463 -1612.418 52.872 346.307 -3598.680 -8969.799 -14302.309 2033.183 -1467.647 -17317.205 -5710.937 -1388.881 -159.546 338.179 -3605.373 -8913.030 -14284.924 2033.183 -1463.647 -17417.205 -4280.937 -1388.881 -147.546 77.179 303.627 -3824.410 -4939.466 -9310.901 11334.084 -12808.731 -4604.474 223.537 -212.418 -8.128 -6.693 56.770 17.386
